
data[0] = 234234.000000
data[1] = 234.000000
data[2] = 2134.000000
data[3] = 2314.000000
data[4] = 2314.000000